8 14 14 51 61 44 14 14
4 11 14 49 54 36 12 10
7 29 9 52 60 25 14 13
7 43 14 56 47 32 15 9
5 19 11 46 51 42 13 6
6 7 9 49 34 32 12 6
7 2 15 51 50 33 14 9
6 2 10 55 53 37 12 7
5 1 14 47 41 25 9 6
5 3 11 48 44 34 9 8
4 2 8 61 53 27 7 4
3 1 7 47 45 24 5 3
4 1 8 40 54 28 6 4
5 1 11 47 58 32 10 8
4 2 6 50 47 37 7 6
3 2 7 44 47 28 6 3
2 2 4 35 49 24 4 2
3 1 6 56 43 25 7 3
3 2 6 34 30 25 5 3
2 3 5 29 35 20 5 2
61 50 8 14 22 43 40 66
53 37 7 10 21 22 37 56
37 34 6 8 16 31 24 33
38 27 7 9 15 33 27 34
39 29 6 5 13 25 28 37
38 24 5 6 10 28 23 25
35 23 6 6 13 29 26 31
33 25 4 7 16 27 28 31
38 20 5 4 10 16 22 31
33 17 4 5 12 19 17 30
32 16 3 2 7 11 19 19
30 18 3 4 12 17 22 27
28 13 3 3 8 12 20 26
38 24 4 3 5 17 18 24
38 17 3 3 8 14 19 33
32 16 2 2 9 12 19 21
32 14 3 3 9 14 27 27
24 12 3 3 10 11 20 28
29 20 3 2 4 10 17 34
25 19 2 3 7 16 15 25
28 11 41 55 28 35 52 14
35 16 45 44 38 48 43 19
24 13 49 55 38 52 55 36
18 14 38 42 27 55 45 18
16 14 45 63 30 32 34 18
20 12 34 41 29 28 39 19
14 11 37 48 19 18 34 23
11 11 28 33 24 18 36 19
10 9 30 42 30 14 36 13
13 7 26 33 30 22 25 14
14 10 40 49 32 17 37 13
16 9 30 40 31 14 40 19
17 9 36 46 26 20 51 13
13 9 33 39 30 25 37 13
10 7 28 34 24 20 25 9
8 6 29 39 20 13 28 8
12 6 22 35 20 14 36 9
9 6 23 30 21 11 18 12
11 6 30 32 24 18 26 10
11 6 22 31 18 14 35 12
0 1 1 1 1 1 1 1
1 1 1 0 1 3 1 1
1 1 0 1 0 1 1 1
0 1 0 1 0 1 0 0
1 1 0 1 0 0 0 0
1 1 0 0 1 1 0 0
0 0 1 0 1 1 0 0
1 1 1 0 1 1 0 1
0 1 0 1 0 1 0 0
1 1 1 0 1 1 1 1
1 1 1 0 1 1 1 0
0 1 1 0 1 1 1 1
1 0 1 1 1 1 0 1
0 1 0 1 1 1 0 0
0 0 0 1 1 1 0 1
1 0 1 1 1 1 1 1
0 1 1 0 1 1 1 0
0 1 1 0 0 1 1 0
1 0 1 1 1 1 1 1
1 0 1 1 1 1 0 0
