4 3 7 8 21 47 56 13
4 3 7 9 26 58 51 10
6 4 9 11 22 68 39 16
9 5 12 12 16 49 59 20
10 6 7 16 32 58 44 25
6 4 7 11 25 42 36 17
7 5 9 11 24 57 45 17
5 4 8 11 23 48 30 13
9 6 10 14 20 73 55 22
9 7 10 15 36 81 46 22
6 4 8 24 18 58 40 14
6 4 8 16 17 55 19 9
3 1 5 6 14 71 27 12
5 4 7 11 18 67 46 10
5 3 6 7 15 45 27 14
4 3 4 7 12 30 30 9
6 4 7 10 16 53 33 15
8 5 9 12 16 50 53 19
4 3 4 7 13 69 39 10
8 6 10 15 26 58 42 20
30 21 29 5 4 7 12 15
37 33 45 7 3 6 12 13
48 29 50 6 6 11 22 14
35 24 53 3 1 5 12 7
47 35 72 5 3 8 15 11
51 25 38 6 3 4 11 9
24 27 41 6 3 5 8 12
39 41 56 5 3 8 10 5
41 35 66 9 3 4 7 8
33 24 39 4 3 6 10 9
48 28 58 7 2 6 8 11
30 28 33 8 3 7 11 11
33 28 41 8 5 7 15 9
39 32 42 4 2 8 12 15
19 26 34 4 2 4 10 16
30 22 27 6 4 7 11 7
25 33 41 5 3 6 12 9
25 31 37 5 3 7 11 10
17 22 47 4 4 10 19 4
28 21 39 5 4 9 18 7
1 1 1 1 1 0 0 1
0 1 1 0 1 0 1 1
1 1 1 1 1 0 0 1
1 1 0 0 1 0 1 1
0 0 0 0 1 1 1 1
0 0 1 0 1 1 1 0
0 0 0 0 0 1 1 0
0 1 1 0 1 1 0 1
1 1 0 0 1 0 1 1
1 0 1 1 1 0 0 0
0 1 1 0 1 0 0 1
1 1 1 0 0 1 1 0
0 1 0 0 1 1 1 1
0 1 1 1 1 1 0 0
1 0 0 0 1 1 1 1
0 0 1 1 1 0 0 0
1 1 1 1 0 0 0 0
0 1 1 0 1 0 0 1
1 0 0 1 1 1 0 1
1 0 1 1 1 0 1 0
