3 4 8 1 2 3 4 6
2 4 7 1 1 3 3 2
18 11 6 3 2 3 5 9
79 76 46 34 26 49 44 65
97 90 52 40 42 72 62 80
65 54 34 16 29 52 36 42
67 41 22 11 17 33 26 32
52 28 35 7 23 47 31 22
54 31 24 10 25 53 40 22
42 17 28 7 20 50 35 15
30 20 30 9 27 66 34 16
28 18 29 8 26 53 34 14
36 15 25 8 31 62 47 14
23 13 28 4 18 47 39 11
27 8 27 5 15 37 31 9
21 9 27 4 18 44 35 12
21 8 18 4 11 36 35 9
20 8 26 6 17 42 28 10
22 10 27 5 24 60 38 12
10 5 23 6 23 60 25 9
10 9 18 34 29 15 11 12
11 10 16 24 22 9 8 12
8 8 16 31 23 14 11 12
8 11 27 36 38 14 10 9
7 9 23 35 38 14 9 8
5 6 17 34 26 11 7 5
5 6 14 28 25 13 7 5
6 7 14 25 28 12 8 7
4 5 15 25 22 10 6 5
5 5 16 23 22 7 6 6
4 6 19 34 33 16 6 5
5 7 18 30 22 12 6 6
4 4 14 22 23 7 6 5
5 6 17 26 28 12 8 6
6 6 14 28 31 9 7 7
5 6 15 22 14 12 9 6
6 6 15 23 23 9 7 7
5 6 21 26 23 11 8 5
4 4 11 15 20 9 5 4
3 3 9 15 19 8 5 4
1 2 7 1 1 2 1 2
5 6 7 1 1 1 3 4
8 8 3 1 1 2 6 9
6 8 3 2 1 2 4 7
8 8 2 1 1 2 5 7
8 11 3 1 1 2 6 7
6 9 4 1 1 3 6 8
5 7 3 1 1 2 3 6
4 4 2 1 1 1 5 7
5 5 2 1 1 1 5 5
4 5 3 1 1 1 4 6
5 6 2 1 1 1 4 4
5 6 2 1 1 2 5 7
4 6 2 1 1 2 3 4
4 5 3 1 1 1 4 5
4 5 3 1 1 1 4 4
5 6 4 1 1 2 5 5
5 6 3 1 1 2 3 4
7 8 3 1 1 1 4 6
6 8 2 1 1 2 5 7
