95 86 38 18 38 69 54 57
60 52 32 12 30 51 50 27
40 25 22 12 33 69 41 20
36 20 28 5 20 45 32 11
31 17 23 7 22 53 22 10
36 13 25 5 24 52 23 12
19 10 18 5 24 51 27 9
20 12 23 5 14 42 23 9
24 13 11 5 11 34 25 9
22 13 12 5 11 37 31 13
19 9 10 3 15 48 27 9
23 8 13 4 14 44 30 11
26 11 11 5 11 39 23 9
26 8 7 6 11 44 23 8
21 7 9 3 16 42 24 8
18 8 10 3 15 44 21 8
18 8 14 4 16 40 28 9
18 9 15 6 22 55 29 9
17 8 13 3 12 48 25 8
15 7 10 4 14 43 22 7
4 5 7 1 1 1 3 5
6 6 6 1 1 2 4 6
5 3 2 1 1 1 4 5
3 4 2 1 0 1 2 3
7 6 2 1 1 2 5 7
5 7 2 1 1 1 3 4
5 4 2 1 1 1 3 5
3 3 2 1 1 1 3 2
3 4 1 1 0 1 3 4
3 5 2 1 1 2 4 4
3 4 1 1 1 2 4 4
6 7 2 1 1 2 3 3
4 5 3 1 1 2 5 5
5 6 2 1 0 1 5 4
5 5 1 1 1 1 3 5
4 7 2 1 1 3 4 6
5 6 2 1 1 3 5 7
5 5 2 1 1 3 6 7
5 6 1 1 1 2 4 4
6 4 2 1 1 2 3 5
