10 6 4 2 19 25 6 7
5 4 4 3 24 38 10 7
4 5 4 3 32 39 9 5
3 3 3 3 17 20 10 6
2 1 1 3 23 32 8 3
2 4 3 2 22 32 8 4
2 3 2 3 28 32 8 4
3 2 2 3 27 42 9 5
2 2 3 3 28 35 10 4
3 2 2 2 22 30 8 3
2 1 1 1 22 30 8 3
2 2 2 2 15 20 7 3
2 2 1 2 27 31 8 3
1 1 1 2 30 33 10 3
2 3 2 3 17 23 5 4
2 2 1 2 22 30 7 3
2 1 1 2 19 28 7 3
1 1 1 2 20 20 7 2
2 2 1 2 23 25 8 3
2 2 1 2 20 22 7 3
6 6 13 57 20 12 7 6
4 5 10 37 12 9 6 5
6 6 8 28 7 9 7 7
5 6 11 45 15 12 7 5
6 7 11 40 11 11 8 7
6 7 10 38 11 12 9 7
5 6 6 27 9 10 7 6
3 4 6 24 7 7 5 4
5 5 7 34 7 9 6 5
4 3 6 27 10 7 5 4
2 3 4 19 5 5 4 3
3 4 6 18 7 7 5 4
7 8 10 37 15 13 9 7
8 9 15 52 19 12 11 10
5 6 8 41 11 11 7 6
6 7 10 44 11 12 9 7
5 6 11 54 16 11 8 6
5 7 13 50 14 10 6 5
4 5 9 32 14 8 6 5
5 6 9 40 13 12 8 7
1 1 3 8 16 11 2 1
1 2 5 10 14 14 4 2
1 2 5 11 16 8 3 1
1 1 3 12 14 11 2 2
1 1 3 8 17 12 3 1
1 1 4 9 9 8 3 1
1 1 2 5 14 13 2 1
1 1 3 7 11 9 2 1
1 1 2 5 6 6 1 1
1 1 2 4 11 15 3 1
1 1 3 7 15 9 2 1
1 1 3 6 13 10 2 1
1 2 4 10 15 12 2 1
1 1 2 7 10 9 3 1
1 1 3 8 11 8 2 1
1 1 2 6 12 9 3 1
1 1 1 4 9 8 2 1
1 1 2 6 10 8 2 1
1 2 4 16 18 9 3 2
1 1 4 11 16 8 3 1
3 2 1 1 1 1 3 3
6 3 2 1 1 1 3 3
7 3 1 1 1 1 3 4
3 2 1 1 1 1 2 2
5 2 2 1 0 1 2 3
13 3 2 1 0 1 2 3
5 3 2 0 1 1 3 2
4 2 1 0 1 1 1 3
7 2 1 0 1 1 2 3
12 3 2 1 1 1 2 3
10 3 2 1 1 1 2 4
19 5 2 1 1 1 3 5
16 4 1 1 1 1 2 5
9 2 1 0 1 1 2 4
3 2 1 0 1 1 1 2
6 2 1 0 1 1 1 2
5 3 2 0 0 1 1 3
9 2 2 1 1 1 3 3
9 3 1 1 1 1 2 3
9 3 1 1 1 1 2 3
