68 53 44 15 36 55 36 40
48 37 36 17 34 58 40 24
39 24 33 12 33 42 35 11
19 15 30 11 27 46 39 12
18 10 24 6 22 48 38 12
12 10 22 7 25 50 32 11
17 10 18 4 21 54 39 9
13 5 19 4 15 36 35 8
12 9 15 4 19 49 24 6
12 10 19 7 21 50 36 11
20 13 17 5 21 44 31 10
15 10 16 5 13 47 41 9
19 9 17 3 15 48 30 7
15 10 20 6 15 45 30 11
14 9 18 5 17 48 29 10
15 8 17 5 19 53 31 8
12 7 17 5 17 57 35 8
14 4 12 3 15 49 26 5
11 5 16 4 20 46 26 7
7 6 10 4 14 46 29 8
13 18 49 57 51 24 15 13
15 16 35 55 44 17 13 18
30 29 68 65 69 43 26 32
18 19 44 60 48 26 17 23
16 18 42 67 54 48 16 21
10 13 20 73 49 19 9 13
12 15 39 68 61 29 13 14
11 13 28 55 46 26 11 12
9 10 53 57 45 21 8 8
6 7 33 40 29 20 8 10
10 15 29 47 38 26 17 9
11 13 35 52 34 32 9 11
5 6 17 31 28 29 8 7
9 9 33 55 35 21 11 10
11 15 36 58 39 24 13 12
12 15 41 62 46 22 15 13
11 13 36 49 32 31 14 13
11 12 39 45 40 30 11 10
9 16 44 52 51 32 11 8
13 14 37 59 36 27 14 12
5 5 18 8 13 29 10 4
5 6 18 9 18 29 15 7
4 5 16 7 11 25 11 4
4 6 12 8 12 17 10 6
5 5 13 8 11 21 7 5
4 4 9 6 11 28 11 4
4 4 7 4 9 22 9 5
4 5 8 5 9 23 8 3
2 3 8 4 7 18 7 3
3 3 8 6 8 13 7 4
3 4 8 5 7 12 5 4
2 3 10 5 10 15 9 2
3 4 9 6 9 28 7 3
3 4 10 6 10 24 9 4
5 6 11 10 14 24 10 5
5 5 14 9 14 26 10 4
4 4 8 6 12 18 10 4
4 4 8 7 11 18 10 4
3 4 9 6 14 16 6 3
3 4 10 6 9 17 7 2
8 5 10 1 1 4 5 7
12 9 8 2 1 3 7 13
11 7 4 2 1 3 5 7
8 6 2 2 1 3 6 10
6 5 3 1 0 1 2 5
6 4 3 1 1 2 4 7
6 5 4 1 1 2 2 6
5 6 2 1 1 2 3 7
4 4 3 1 1 1 3 5
4 4 3 1 1 2 2 4
4 3 2 1 1 1 3 4
6 4 2 1 1 1 3 4
5 7 3 1 1 2 4 7
6 4 2 1 1 2 4 8
3 3 2 1 1 1 2 7
4 4 2 1 1 1 3 6
4 6 3 1 1 1 3 6
4 4 2 1 1 1 3 5
4 3 3 0 1 1 3 4
5 4 2 1 1 1 4 4
