16 12 6 6 27 20 13 22
15 9 4 3 22 27 17 32
24 10 4 5 20 21 12 34
25 13 5 6 18 21 10 26
17 11 5 4 18 20 10 34
29 15 6 4 20 19 10 30
21 14 4 6 24 19 9 30
18 11 5 4 18 17 11 27
23 16 5 6 28 23 14 33
32 9 5 8 17 18 10 34
22 10 4 4 19 23 11 29
20 13 6 6 28 15 12 26
19 10 4 3 17 23 15 27
19 10 2 5 17 15 8 22
20 15 5 6 10 15 6 27
16 10 4 4 21 14 10 25
19 11 4 5 15 20 6 31
24 11 4 5 19 21 11 36
25 13 4 5 14 14 9 34
23 9 5 4 21 17 12 25
2 3 10 40 8 3 1 2
2 3 16 40 11 3 1 2
2 3 15 39 15 5 1 2
2 3 11 31 8 2 1 1
2 2 8 32 11 4 2 2
1 2 11 35 8 4 1 1
1 2 13 41 7 5 1 1
2 3 10 30 10 4 1 1
1 3 10 25 8 3 1 1
2 2 10 41 6 2 1 2
1 2 11 37 5 2 1 1
1 3 11 34 6 3 1 1
2 3 9 30 6 3 1 1
1 2 10 26 6 2 1 1
1 1 11 32 5 2 1 1
1 2 6 21 5 2 1 1
1 2 7 14 4 2 1 1
1 2 7 27 4 2 1 1
1 2 9 32 5 1 1 1
1 1 5 17 4 2 1 1
1 1 4 11 5 1 1 1
1 1 5 13 5 1 1 1
1 1 4 13 6 1 1 1
1 1 3 12 7 1 1 1
1 1 2 10 6 1 1 0
1 1 3 11 5 1 1 1
1 1 8 23 7 1 1 1
1 1 6 17 7 1 1 1
1 1 7 28 7 1 1 1
2 2 9 23 7 2 1 1
1 1 7 25 6 1 1 1
1 1 5 19 5 1 1 1
1 2 5 19 6 1 1 1
0 1 5 18 7 2 1 1
1 1 3 14 4 1 1 1
1 1 4 12 8 1 1 1
0 1 4 17 7 1 1 1
1 1 3 8 5 1 1 1
1 1 2 6 5 1 1 1
1 1 2 6 5 1 1 1
1 1 1 1 1 1 1 1
1 1 1 0 1 1 1 1
1 1 1 1 1 1 1 1
6 2 1 1 1 1 1 8
16 5 1 2 1 2 1 15
18 2 1 2 1 2 1 13
19 7 1 1 1 1 1 29
16 5 1 2 1 2 1 24
20 7 1 3 1 2 1 15
11 2 1 2 1 1 0 10
9 1 1 1 2 2 1 11
13 2 1 2 1 2 1 13
17 5 1 2 1 2 1 11
13 6 2 1 2 3 1 16
21 4 2 2 1 1 1 13
8 3 1 1 2 2 1 10
13 4 1 1 1 2 1 9
9 3 1 1 1 2 1 13
12 3 1 2 2 3 1 12
12 4 1 2 1 3 1 15
